10 86 162 238 314 
-902 -826 -750 -674 -598 
-806 -742 -678 -614 -556 
-902 -826 -750 -674 -598 
-512 -448 -384 -326 -322 
-182 -118 -60 -122 -598 
-902 -826 -750 -674 -598 
-902 -826 -750 -674 -598 
-902 -826 -750 -674 -598 
-902 -826 -750 -674 -598 
-902 -826 -750 -674 -598 
2 2 2 2 2 
88 88 88 88 88 
174 174 174 174 174 
260 260 260 260 260 
346 346 346 346 346 
432 432 432 432 432 
518 518 518 518 518 
604 604 604 604 604 
690 690 690 690 690 
776 776 776 776 776 
862 862 862 862 862 
